0 0.621892359375 0.2653211796875 0.619722221875 0.243619790625 0.6012760421875 0.2208333328125 0.540512153125 0.20130208437500002 0.4905989578125 0.2078125 0.46347222187500003 0.23276909843750002 0.4504513890625 0.5430989578125 0.47540798593750005 0.5767361109375 0.5090451375 0.5865017359375 0.5600434015625 0.5810763890625 0.585 0.55828993125 0.621892359375 0.2653211796875
0 0.77163194375 0.24796006875 0.7575260421875 0.209982640625 0.70327256875 0.1861111109375 0.6511892359375 0.1882812484375 0.6240625 0.2154079859375 0.628402778125 0.2696614578125 0.59368055625 0.52139756875 0.5915104171875 0.588671875 0.6349131953125 0.6103732640625 0.66203993125 0.6114583328125 0.69350694375 0.593012153125 0.77163194375 0.24796006875
0 0.88664930625 0.3130642359375 0.9040104171875001 0.2262586796875 0.8638628468749999 0.1882812484375 0.8030989578125001 0.1817708328125 0.78139756875 0.1882812484375 0.7694618046875 0.204557290625 0.775972221875 0.24144965312500002 0.71086805625 0.5430989578125 0.7130381953125 0.5756510421875001 0.745590278125 0.593012153125 0.78139756875 0.594097221875 0.8041840265625 0.5799913203125 0.88664930625 0.3130642359375
0 1 0.18151234375 0.9615190984374999 0.164409721875 0.9181163203124999 0.1622395828125 0.8909895828125001 0.1871961796875 0.9083506937499999 0.2240885421875 0.9083506937499999 0.243619790625 0.823715278125 0.5279079859375 0.8356510421875001 0.555034721875 0.862777778125 0.564800346875 0.9029253468749999 0.563715278125 0.921371528125 0.5409288203125 1 0.28965956875 1 0.18151234375
0 0.7021875 0.67764756875 0.6945920140624999 0.6635416671875001 0.360390625 0.54852430625 0.33434895781249996 0.5528645828125 0.2974565984375 0.526822915625 0.2605642359375 0.515972221875 0.230182290625 0.522482640625 0.2117361109375 0.5430989578125 0.1922048625 0.601692709375 0.19980034687499998 0.6179687515625 0.5730642359375 0.7373263890625 0.629487846875 0.7742187515625 0.6425086796875 0.7742187515625 0.6457638890624999 0.783984375 0.657699653125 0.78289930625 0.69350694375 0.7384114578125 0.7021875 0.67764756875
0 0.6349131953125 0.8577690984374999 0.6435937515625 0.83389756875 0.6370833328125001 0.7753038203125 0.5991059015625 0.750347221875 0.3386892359375 0.661371528125 0.3191579859375 0.6635416671875001 0.2866059015625 0.64618055625 0.2540538203125 0.6440104171875001 0.17592882031249998 0.6092881953125 0.152057290625 0.6114583328125 0.1184201375 0.6516059015625 0.0988888890625 0.710199653125 0.1086545140625 0.739496528125 0.301796875 0.8154513890624999 0.347369790625 0.8089409734374999 0.42983506875 0.86102430625 0.57414930625 0.9076822906249999 0.588255209375 0.9087673593750001 0.6023611109375 0.8968315984374999 0.6349131953125 0.8577690984374999
0 0.25584725625 1 0.29528645781249996 0.973871528125 0.386432290625 0.90225694375 0.394027778125 0.877300346875 0.38100694375 0.8447482640624999 0.345199653125 0.8111111109375001 0.30396701406250004 0.82413194375 0.031543946875 1 0.25584725625 1
0 0 0.472520253125 0.003402778125 0.47365451406250003 0.047890625 0.47256944375 0.073932290625 0.45737847187499997 0.0880381953125 0.436762153125 0.0902083328125 0.397699653125 0.0446354171875 0.0439670140625 0.015338542187500002 0.0146701375 0 0.0121137140625 0 0.472520253125
0 0.24211805625 0.412890625 0.22692708437500003 0.119921875 0.2149913203125 0.09930555625000001 0.188949653125 0.0841145828125 0.13035590156250002 0.07760416718749999 0.07610243125 0.094965278125 0.0641666671875 0.13077256875 0.11190972187499999 0.49535590156250003 0.12601562500000002 0.524652778125 0.159652778125 0.5387586796875 0.2106510421875 0.5333333328125 0.23777777812499998 0.4996961796875 0.24211805625 0.412890625
0 0.44611111093750005 0.49535590156250003 0.44828124843749995 0.4606336796875 0.45913194375 0.1828559015625 0.43634548593750005 0.1535590265625 0.39294270937500003 0.13836805624999998 0.3256684015625 0.144878471875 0.30071180468750003 0.16983506875 0.3115625 0.280512153125 0.3115625 0.4888454859375 0.318072915625 0.5062065984374999 0.3386892359375 0.522482640625 0.3701562484375 0.5279079859375 0.4037934015625 0.526822915625 0.43634548593750005 0.51163194375 0.44611111093750005 0.49535590156250003
0 0.307222221875 0.2197482640625 0.29854166718749997 0.174175346875 0.3191579859375 0.144878471875 0.3647309015625 0.131857640625 0.37883680468750003 0.1112413203125 0.36690104218749997 0.0841145828125 0.31481770937500003 0.0624131953125 0.2583940984375 0.066753471875 0.22475694375000002 0.093880209375 0.23343750000000002 0.119921875 0.24862847187499998 0.41506076406250003 0.28335069375 0.48667534687499997 0.296371528125 0.49318576406250003 0.307222221875 0.491015625 0.309392359375 0.44110243125000004 0.307222221875 0.2197482640625
0 0.065859378125 0 0.0609114578125 0.00164930625 0.042465278125 0.0331163203125 0.061996528125000006 0.1047309015625 0.07610243125 0.090625 0.11516493125 0.07760416718749999 0.191119790625 0.07760416718749999 0.198715278125 0.041796875 0.19437500000000002 0.017925346875 0.15618621562499999 0 0.065859378125 0
0 0.21261693125 0 0.198715278125 0.015755209375000002 0.20522569375000002 0.039626735937500004 0.24862847187499998 0.061328125 0.32349826406250004 0.058072915625 0.34411458281249996 0.039626735937500004 0.34194444375 0.020095485937499998 0.32783854218749997 0.0038194437499999997 0.316380209375 0 0.21261693125 0
0 0.3381394671875 0 0.346284721875 0.0244357640625 0.34194444375 0.061328125 0.3679861109375 0.0786892359375 0.4016232640625 0.047222221875 0.462387153125 0.04288194375 0.47649305625 0.022265625 0.472152778125 0.0049045140624999995 0.4649402578125 0 0.3381394671875 0
0 0.511215278125 0.0721788203125 0.48408854218749997 0.05373264062500001 0.44719617968750003 0.045052084375 0.386432290625 0.055902778125 0.374496528125 0.07000867968749999 0.38317708437500003 0.0982204859375 0.38100694375 0.132942709375 0.43417534687500003 0.1492187515625 0.452621528125 0.163324653125 0.47540798593750005 0.12100694375000001 0.51555555625 0.1025607640625 0.511215278125 0.0721788203125
0 0.6110416671875 0.1546440984375 0.594765625 0.134027778125 0.5622135421875 0.11883680468749999 0.4992795140625 0.114496528125 0.4797482640625 0.12100694375000001 0.46130208437500003 0.139453125 0.465642359375 0.2154079859375 0.5188107640624999 0.19913194375 0.6034461796875 0.214322915625 0.6110416671875 0.1546440984375
0 0.7477604171875 0.1481336796875 0.731484375 0.125347221875 0.6945920140624999 0.10798611093749999 0.66203993125 0.10364583281249999 0.6132118046875 0.119921875 0.6110416671875 0.14596354218750002 0.6316579859375 0.1665798625 0.6707204859375 0.1817708328125 0.7021875 0.1828559015625 0.731484375 0.17743055624999998 0.745590278125 0.165494790625 0.7477604171875 0.1481336796875
0 0.6435937515625 0.06783854218749999 0.5991059015625 0.04288194375 0.5253211796875 0.049392359375 0.5133854171875 0.0656684015625 0.5220659734375 0.1069010421875 0.6023611109375 0.135112846875 0.618637153125 0.1123263890625 0.6501041671875 0.093880209375 0.6435937515625 0.06783854218749999
0 0.474487090625 0 0.47649305625 0.046137153125000004 0.506875 0.0634982640625 0.536171875 0.04288194375 0.5925954859375 0.0385416671875 0.6045312484375 0.0244357640625 0.6001909734375 0.0049045140624999995 0.5909704890625 0 0.474487090625 0
0 0.6028964140624999 0 0.608871528125 0.017925346875 0.6023611109375 0.0374565984375 0.63274305625 0.054817709375 0.6425086796875 0.055902778125 0.66203993125 0.0385416671875 0.711953125 0.0342013890625 0.7238888890624999 0.009244790625 0.7101810953125 0 0.6028964140624999 0
0 0.7553559015625 0.05373264062500001 0.7141232640624999 0.036371528125000004 0.666380209375 0.0385416671875 0.6479340265625 0.048307290625 0.6435937515625 0.0656684015625 0.659869790625 0.10147569375000001 0.70110243125 0.10798611093749999 0.73256944375 0.124262153125 0.74016493125 0.125347221875 0.773802084375 0.087369790625 0.7553559015625 0.05373264062500001
0 0.8714583328125001 0.139453125 0.822630209375 0.10798611093749999 0.78139756875 0.10364583281249999 0.7575260421875 0.1101562484375 0.7434201375 0.126432290625 0.74993055625 0.1503038203125 0.783567709375 0.173090278125 0.8128645828125001 0.178515625 0.8638628468749999 0.17526041718750002 0.8757986109375 0.1568142359375 0.8714583328125001 0.139453125
0 0.9777951375 0.1372829859375 0.9712847218749999 0.11775173593749999 0.9246267359375 0.0884548625 0.8638628468749999 0.090625 0.851927084375 0.1155815984375 0.8779687515625 0.14596354218750002 0.8714583328125001 0.18502604218750002 0.8801388890625 0.1937065984375 0.9116059015625 0.16006944375 0.9615190984374999 0.15789930624999998 0.9777951375 0.1372829859375
0 0.8801388890625 0.080859375 0.8823090265625 0.06783854218749999 0.8692881953124999 0.048307290625 0.81828993125 0.025520832812499998 0.770546875 0.0320312484375 0.7607812484375 0.056987846875000005 0.778142359375 0.0786892359375 0.773802084375 0.0982204859375 0.8367361109375 0.1112413203125 0.8465017359375 0.1123263890625 0.85735243125 0.0927951375 0.8801388890625 0.080859375
0 0.719995040625 0 0.7260590265625 0.007074653124999999 0.7217187515625 0.0352864578125 0.74993055625 0.048307290625 0.770546875 0.0298611109375 0.81828993125 0.023350693750000002 0.82805555625 0.013585068750000002 0.8235272 0 0.719995040625 0
0 0.8310225687499999 0 0.8323958328125001 0.0049045140624999995 0.82805555625 0.0244357640625 0.8649479156250001 0.041796875 0.8899045140625 0.023350693750000002 0.926796875 0.02118055625 0.9343923593750001 0.01141493125 0.9318557109375 0 0.8310225687499999 0
0 0.9289670140625 0.023350693750000002 0.89641493125 0.023350693750000002 0.8757986109375 0.0331163203125 0.8736284718749999 0.05264756875 0.8855642359375 0.08194444375 0.9224565984374999 0.086284721875 0.9582638890625 0.1025607640625 0.9929861109375 0.07000867968749999 0.9680295140625 0.036371528125000004 0.9289670140625 0.023350693750000002