0 0.6220703125 0.638671875 0.5908203125 0.6328125 0.5751953125 0.63671875 0.5703125 0.6435546875 0.568359375 0.8662109375 0.5830078125 0.873046875 0.61328125 0.8720703125 0.625 0.8642578125 0.623046875 0.6943359375 0.626953125 0.6572265625 0.6220703125 0.638671875
0 0.6826171875 0.640625 0.6689453125 0.63671875 0.6650390625 0.630859375 0.6513671875 0.630859375 0.6337890625 0.63671875 0.62890625 0.6435546875 0.626953125 0.8642578125 0.6337890625 0.87109375 0.669921875 0.8720703125 0.68359375 0.8662109375 0.685546875 0.6494140625 0.6826171875 0.640625
0 0.685546875 0.8642578125 0.6923828125 0.87109375 0.728515625 0.8720703125 0.7421875 0.8662109375 0.7421875 0.6416015625 0.7216796875 0.630859375 0.7099609375 0.630859375 0.689453125 0.6416015625 0.685546875 0.8642578125
0 0.802734375 0.6435546875 0.7822265625 0.630859375 0.7685546875 0.630859375 0.7626953125 0.63671875 0.7509765625 0.63671875 0.74609375 0.6435546875 0.74609375 0.8662109375 0.7529296875 0.87109375 0.779296875 0.8720703125 0.7958984375 0.87109375 0.80078125 0.8662109375 0.802734375 0.6435546875
0 0.8271484375 0.630859375 0.806640625 0.6396484375 0.802734375 0.8583984375 0.8095703125 0.87109375 0.841796875 0.8720703125 0.859375 0.8662109375 0.861328125 0.6435546875 0.8466796875 0.638671875 0.8408203125 0.630859375 0.8271484375 0.630859375
0 0.8681640625 0.63671875 0.865234375 0.6416015625 0.86328125 0.8662109375 0.8701171875 0.87109375 0.90234375 0.8720703125 0.91796875 0.8662109375 0.919921875 0.6435546875 0.9013671875 0.6328125 0.8837890625 0.6328125 0.8681640625 0.63671875
0 0.486328125 0.8505859375 0.484375 0.8173828125 0.4697265625 0.798828125 0.4541015625 0.798828125 0.2705078125 0.841796875 0.263671875 0.8466796875 0.263671875 0.8564453125 0.275390625 0.8857421875 0.2734375 0.8974609375 0.275390625 0.9052734375 0.287109375 0.9111328125 0.4755859375 0.859375 0.486328125 0.8505859375
0 0.275390625 0.8388671875 0.4638671875 0.79296875 0.47265625 0.7822265625 0.46875 0.7490234375 0.4560546875 0.732421875 0.4462890625 0.73046875 0.2529296875 0.7734375 0.248046875 0.7763671875 0.25 0.7939453125 0.240234375 0.7998046875 0.244140625 0.8232421875 0.2470703125 0.828125 0.2568359375 0.828125 0.2626953125 0.83984375 0.275390625 0.8388671875
0 0.255859375 0.7724609375 0.4462890625 0.7265625 0.45703125 0.7138671875 0.453125 0.6787109375 0.4404296875 0.6640625 0.4267578125 0.6640625 0.2392578125 0.705078125 0.234375 0.7080078125 0.234375 0.7255859375 0.2265625 0.7333984375 0.228515625 0.7490234375 0.2353515625 0.7578125 0.2421875 0.7587890625 0.2490234375 0.7734375 0.255859375 0.7724609375
0 0.42578125 0.5869140625 0.4296875 0.5771484375 0.423828125 0.5419921875 0.4111328125 0.529296875 0.3974609375 0.529296875 0.2060546875 0.568359375 0.203125 0.5810546875 0.208984375 0.5986328125 0.20703125 0.6123046875 0.216796875 0.6337890625 0.22265625 0.6357421875 0.4150390625 0.59375 0.42578125 0.5869140625
0 0.19140625 0.5361328125 0.1953125 0.5380859375 0.19921875 0.5615234375 0.208984375 0.5654296875 0.4033203125 0.525390625 0.4140625 0.5166015625 0.41015625 0.4775390625 0.3994140625 0.462890625 0.3837890625 0.462890625 0.1923828125 0.498046875 0.1875 0.5009765625 0.19140625 0.5244140625 0.1865234375 0.529296875 0.1826171875 0.525390625 0.181640625 0.5341796875 0.1875 0.5380859375 0.1884765625 0.546875 0.19140625 0.5361328125
0 0.24609375 0.7021484375 0.4345703125 0.658203125 0.443359375 0.6396484375 0.439453125 0.6162109375 0.4267578125 0.59765625 0.4150390625 0.595703125 0.2216796875 0.63671875 0.216796875 0.6396484375 0.21875 0.6552734375 0.2109375 0.6591796875 0.212890625 0.6826171875 0.2177734375 0.689453125 0.228515625 0.6904296875 0.2314453125 0.703125 0.24609375 0.7021484375