0 0.1044921875 0.5390625 0.10546875 0.5732421875 0.119140625 0.5810546875 0.2529296875 0.548828125 0.25 0.5107421875 0.1044921875 0.5390625
0 0.1025390625 0.5 0.09765625 0.5283203125 0.119140625 0.5341796875 0.2431640625 0.505859375 0.2421875 0.4716796875 0.1025390625 0.5
0 0.2802734375 0.58203125 0.28125 0.6181640625 0.30078125 0.6240234375 0.4287109375 0.59375 0.423828125 0.5537109375 0.2802734375 0.58203125
0 0.291015625 0.5791015625 0.4169921875 0.55078125 0.41796875 0.5185546875 0.4091796875 0.509765625 0.2744140625 0.541015625 0.2734375 0.5732421875 0.291015625 0.5791015625
0 0.275390625 0.5400390625 0.4091796875 0.509765625 0.40625 0.4775390625 0.3974609375 0.470703125 0.2646484375 0.501953125 0.265625 0.5322265625 0.275390625 0.5400390625
0 0.2734375 0.4990234375 0.3974609375 0.470703125 0.3984375 0.4384765625 0.3837890625 0.43359375 0.2587890625 0.462890625 0.259765625 0.4970703125 0.2734375 0.4990234375
0 0.4580078125 0.62890625 0.4609375 0.6669921875 0.47265625 0.6728515625 0.6025390625 0.638671875 0.599609375 0.5986328125 0.4580078125 0.62890625
0 0.45703125 0.6279296875 0.5927734375 0.595703125 0.59375 0.5654296875 0.5810546875 0.5546875 0.4501953125 0.5859375 0.4453125 0.5986328125 0.45703125 0.6279296875
0 0.451171875 0.5849609375 0.5810546875 0.5546875 0.58203125 0.5224609375 0.5693359375 0.513671875 0.4404296875 0.544921875 0.44140625 0.5771484375 0.451171875 0.5849609375
0 0.4453125 0.5419921875 0.5654296875 0.513671875 0.564453125 0.4853515625 0.5498046875 0.4765625 0.4326171875 0.505859375 0.431640625 0.5302734375 0.4453125 0.5419921875
0 0.4169921875 0.466796875 0.421875 0.5009765625 0.4375 0.5029296875 0.5576171875 0.474609375 0.5546875 0.4404296875 0.4169921875 0.466796875
0 0.423828125 0.4638671875 0.5458984375 0.435546875 0.544921875 0.4091796875 0.5361328125 0.3984375 0.4130859375 0.431640625 0.41015625 0.4521484375 0.423828125 0.4638671875
0 0.67578125 0.6162109375 0.6484375 0.5009765625 0.6298828125 0.498046875 0.619140625 0.5048828125 0.619140625 0.5205078125 0.642578125 0.6240234375 0.654296875 0.6318359375 0.6708984375 0.62890625 0.67578125 0.6162109375
0 0.6611328125 0.490234375 0.6484375 0.5009765625 0.673828125 0.6123046875 0.685546875 0.6240234375 0.7041015625 0.619140625 0.70703125 0.6083984375 0.677734375 0.4931640625 0.6611328125 0.490234375
0 0.736328125 0.5966796875 0.7109375 0.4931640625 0.6923828125 0.482421875 0.6796875 0.4892578125 0.6796875 0.5029296875 0.70703125 0.6123046875 0.720703125 0.6162109375 0.736328125 0.6103515625 0.736328125 0.5966796875
0 0.8046875 0.7587890625 0.8203125 0.7451171875 0.779296875 0.6181640625 0.7587890625 0.615234375 0.75 0.6318359375 0.787109375 0.7568359375 0.8046875 0.7587890625
0 0.7275390625 0.623046875 0.716796875 0.6396484375 0.75390625 0.7666015625 0.763671875 0.7685546875 0.7861328125 0.76171875 0.787109375 0.7490234375 0.748046875 0.6240234375 0.7275390625 0.623046875
0 0.7421875 0.7568359375 0.70703125 0.6474609375 0.6982421875 0.634765625 0.6826171875 0.634765625 0.67578125 0.6611328125 0.708984375 0.7705078125 0.71875 0.7783203125 0.7431640625 0.771484375 0.7421875 0.7568359375