0 0.2998046875 0.252477990625 0.294921875 0.2563822890625 0.296875 0.295425278125 0.3037109375 0.30974104062499996 0.3359375 0.3084396078125 0.4072265625 0.3019324421875 0.4111328125 0.304535309375 0.416015625 0.295425278125 0.416015625 0.2511765578125 0.2998046875 0.252477990625
0 0.080078125 0.32665966874999997 0.080078125 0.3448797296875 0.083984375 0.357894059375 0.0947265625 0.3696069546875 0.115234375 0.368305521875 0.2197265625 0.3357697 0.21875 0.2850138140625 0.2060546875 0.28371238125 0.0849609375 0.320152503125 0.080078125 0.32665966874999997
0 0.224609375 0.4359800359375 0.2158203125 0.43467860312499995 0.0986328125 0.46851585937499995 0.091796875 0.48022875468750004 0.095703125 0.5088602812499999 0.1083984375 0.5205731765625 0.125 0.51927174375 0.1923828125 0.502353115625 0.2236328125 0.4893387859375 0.2265625 0.48283162187500006 0.224609375 0.4359800359375
0 0.1787109375 0.6689365328125 0.1923828125 0.661127934375 0.2099609375 0.65852506875 0.2275390625 0.650716471875 0.23046875 0.64420930625 0.228515625 0.5973577203125 0.2236328125 0.5934534218749999 0.1474609375 0.6194820796875 0.1123046875 0.627290678125 0.103515625 0.64420930625 0.10546875 0.665032234375 0.1142578125 0.6793479953125 0.125 0.6780465625 0.1787109375 0.6689365328125
0 0.2275390625 0.82250561875 0.232421875 0.8159984546875 0.232421875 0.7691468687499999 0.2275390625 0.7626397046875 0.1767578125 0.780859765625 0.1494140625 0.7860654968749999 0.1181640625 0.7990798265625 0.11328125 0.8081898578125 0.11328125 0.834218515625 0.1201171875 0.848534278125 0.126953125 0.8498357109375 0.1806640625 0.838122815625 0.2275390625 0.82250561875
0 0.3916015625 0.7340081796875 0.3193359375 0.7470225078125 0.318359375 0.79777839375 0.3212890625 0.8042855578125 0.32421875 0.802984125 0.4052734375 0.7912712281250001 0.408203125 0.7873669296875 0.408203125 0.7379124781249999 0.4052734375 0.7340081796875 0.3916015625 0.7340081796875
0 0.3115234375 0.57263049375 0.30859375 0.5947548546875 0.3125 0.6233863796875 0.3212890625 0.62989354375 0.326171875 0.6285921109375 0.4052734375 0.6194820796875 0.41015625 0.612974915625 0.41015625 0.5635204640625 0.3564453125 0.5648218968750001 0.3115234375 0.57263049375
0 0.4140625 0.43077430312500004 0.4140625 0.4021427796875 0.4111328125 0.39823848125 0.3916015625 0.39823848125 0.3037109375 0.40864994374999997 0.302734375 0.4437886328125 0.306640625 0.45940582812499997 0.3115234375 0.463310128125 0.328125 0.46200869375 0.4091796875 0.4528986640625 0.412109375 0.44899436406250004 0.4140625 0.43077430312500004
0 0.4921875 0.4385829015625 0.4970703125 0.445090065625 0.607421875 0.44899436406250004 0.61328125 0.41515710937500006 0.6123046875 0.39563561406250003 0.5107421875 0.3852241515625 0.4970703125 0.3852241515625 0.494140625 0.38912844999999996 0.4921875 0.4385829015625
0 0.5068359375 0.22905219843750002 0.4970703125 0.22905219843750002 0.494140625 0.2355593625 0.4951171875 0.286315246875 0.619140625 0.29802814375 0.623046875 0.295425278125 0.625 0.28761667968750004 0.6259765625 0.2446693921875 0.5458984375 0.2368607953125 0.5068359375 0.22905219843750002
0 0.5947265625 0.5596161640624999 0.5224609375 0.5544104328125 0.4990234375 0.5544104328125 0.49609375 0.5583147328125 0.494140625 0.6025634531249999 0.4970703125 0.6064677515625 0.5263671875 0.6064677515625 0.5634765625 0.6142763484375 0.59375 0.612974915625 0.59765625 0.5765347937499999 0.59765625 0.5635204640625 0.5947265625 0.5596161640624999
0 0.5830078125 0.7340081796875 0.5029296875 0.7314053140625 0.498046875 0.7353096125 0.4990234375 0.7886683624999999 0.583984375 0.789969796875 0.5859375 0.7379124781249999 0.5830078125 0.7340081796875
0 0.8232421875 0.8277113500000001 0.8291015625 0.8303142171875001 0.8291015625 0.8355199484375 0.8427734375 0.8329170828124999 0.861328125 0.83682138125 0.8662109375 0.8355199484375 0.875 0.8186013203125 0.875 0.7925726609375 0.8662109375 0.775654034375 0.8173828125 0.7600368375000001 0.7119140625 0.7392139109375 0.6904296875 0.7314053140625 0.6787109375 0.7340081796875 0.671875 0.7457210765625 0.669921875 0.7821611984375 0.6806640625 0.7964769609375 0.7822265625 0.8172998874999999 0.7978515625 0.8251084859375 0.8232421875 0.8277113500000001
0 0.8466796875 0.655922203125 0.861328125 0.6546207703125 0.869140625 0.641606440625 0.87109375 0.6155777812500001 0.869140625 0.607769184375 0.8603515625 0.5986591531250001 0.6943359375 0.5544104328125 0.6845703125 0.5570132984375 0.67578125 0.579137659375 0.67578125 0.6025634531249999 0.6826171875 0.6142763484375 0.7177734375 0.6194820796875 0.7880859375 0.6377021421875 0.8056640625 0.6455107390625 0.8388671875 0.650716471875 0.8466796875 0.655922203125
0 0.8466796875 0.4867359203125 0.86328125 0.48543448749999996 0.8671875 0.48283162187500006 0.873046875 0.4646115609375 0.873046875 0.4437886328125 0.8681640625 0.43467860312499995 0.8623046875 0.43207573593750004 0.7470703125 0.40084134687499995 0.7119140625 0.3878270171875 0.7001953125 0.3878270171875 0.689453125 0.40995137656249997 0.689453125 0.43077430312500004 0.6962890625 0.445090065625 0.7666015625 0.4607072625 0.8232421875 0.4815301890625 0.8466796875 0.4867359203125
0 0.87890625 0.3084396078125 0.87890625 0.2850138140625 0.8701171875 0.27590378437499996 0.7236328125 0.22905219843750002 0.7138671875 0.22905219843750002 0.705078125 0.243367959375 0.701171875 0.28241094843750003 0.7060546875 0.286315246875 0.8017578125 0.31234390625 0.8330078125 0.3253582359375 0.865234375 0.329262534375 0.875 0.3188510703125 0.87890625 0.3084396078125